[header]
width=64
height=16
tilewidth=32
tileheight=32

[tilesets]
tileset=platformertiles.png,32,32,0,0

[layer]
type=Tile Layer 1
data=
0,0,0,0,0,0,0,0,0,0,0,0,0,0,0,0,0,0,0,0,0,0,0,0,0,0,0,0,0,0,0,0,0,0,0,0,0,0,0,0,0,0,0,0,0,0,0,0,0,0,0,0,0,0,0,0,0,0,0,0,0,0,0,0,
0,0,15,0,0,0,0,16,0,0,0,15,0,0,0,0,0,0,0,0,0,0,0,0,0,0,0,0,0,0,0,15,0,0,0,0,0,0,0,0,0,0,0,0,0,0,0,0,0,0,0,0,0,0,0,0,0,0,0,0,0,0,0,0,
0,0,0,0,0,0,0,0,0,0,4,0,0,0,0,0,0,0,0,0,0,0,0,0,0,0,0,16,0,0,0,0,0,0,0,0,0,0,0,0,15,0,0,0,0,0,0,0,0,0,16,0,0,0,0,0,0,0,0,0,0,14,0,0,
0,0,0,0,0,0,0,0,0,0,0,0,0,0,0,0,0,14,0,0,0,0,0,0,16,0,0,0,0,0,1,2,2,2,2,2,3,0,0,0,0,0,0,0,0,0,0,0,0,0,0,0,0,0,0,0,0,0,0,16,0,0,0,0,
0,0,0,0,0,0,0,0,0,0,0,0,0,0,0,0,0,0,0,0,0,0,0,0,0,0,0,0,0,0,9,10,10,10,10,1,2,2,2,3,0,0,0,0,0,0,0,14,0,0,0,0,0,0,0,0,0,0,0,0,0,0,0,0,
0,0,0,0,0,0,0,0,0,0,0,0,0,0,0,0,0,0,0,0,0,0,0,0,0,0,0,0,0,0,9,10,10,10,10,9,10,10,10,11,0,0,0,0,0,1,2,2,2,2,2,2,2,2,2,2,2,2,2,2,2,2,2,3,
0,0,0,0,14,0,0,0,0,0,0,16,0,0,0,0,0,0,0,0,0,0,15,0,0,0,0,0,0,0,17,18,1,2,2,2,2,2,2,2,2,2,2,2,3,9,10,10,10,10,10,10,10,10,10,10,10,10,10,10,10,10,10,11,
0,0,0,0,0,0,0,0,0,0,0,0,0,0,0,0,0,0,0,0,0,0,0,0,0,0,0,0,0,0,0,0,9,10,10,10,10,10,10,10,10,10,10,10,11,17,18,18,18,18,18,18,18,18,18,18,18,18,18,18,18,18,18,19,
0,0,0,0,0,0,0,0,0,0,0,0,0,0,0,0,0,0,0,0,0,0,0,0,0,0,0,0,0,0,0,0,17,18,18,18,18,18,18,18,18,18,18,18,19,0,0,0,0,0,24,0,13,0,0,17,18,18,18,19,0,0,0,5,
0,0,0,0,0,0,0,0,0,23,0,0,0,0,0,0,0,0,0,0,0,0,0,0,0,0,0,0,0,0,0,0,0,0,0,0,0,24,0,0,0,0,0,0,0,0,0,0,0,0,0,0,13,0,0,0,0,0,0,0,0,0,0,13,
0,0,0,0,0,0,0,0,0,1,3,0,0,0,0,0,0,0,0,0,0,0,0,0,0,0,0,0,0,0,0,0,0,0,0,0,0,0,0,0,0,0,0,0,0,0,0,0,0,0,0,0,21,0,0,0,0,0,0,0,0,0,0,13,
0,0,22,0,23,0,0,0,0,17,19,0,0,0,0,0,0,0,0,0,0,0,0,0,0,1,2,2,2,3,0,0,0,0,0,0,0,0,0,0,0,0,0,0,0,0,0,0,0,0,0,0,0,0,0,0,0,0,0,0,0,0,0,13,
1,2,2,2,3,0,0,0,0,0,0,0,0,0,0,0,0,0,0,0,23,0,0,0,23,9,10,10,10,11,0,0,0,0,0,0,5,0,0,0,0,0,23,0,0,0,0,0,0,0,0,0,0,0,0,0,0,0,0,0,0,0,0,13,
17,18,18,18,19,0,0,0,0,0,0,0,0,0,0,0,22,0,1,2,2,3,0,0,1,2,3,10,10,11,23,22,0,0,0,5,13,0,0,0,0,1,3,0,0,0,0,0,0,0,0,0,0,0,0,0,0,0,0,0,0,0,0,21,
0,0,0,0,0,0,0,0,0,0,0,0,0,0,0,0,1,2,2,2,2,2,2,2,2,2,2,2,2,2,2,2,2,2,2,2,2,2,2,2,2,2,2,2,2,2,2,2,2,2,2,2,2,2,3,0,0,0,0,1,2,2,2,3,
0,0,0,0,0,0,0,0,0,0,0,0,0,0,0,0,17,18,18,18,18,18,18,18,18,18,18,18,18,18,18,18,18,18,18,18,18,18,18,18,18,18,18,18,18,18,18,18,18,18,18,18,18,18,19,0,0,0,0,17,18,18,18,19

[Object Layer 1]
# Start
type=Start
location=16.6229,280.84,0,0

